start=4231.477250
volume=102.000000
fullscreen=yes
