start=4970.006708
volume=125.000000
fullscreen=yes
