start=3453.784000
volume=102.000000
fullscreen=yes
