start=5703.489458
volume=98.000000
fullscreen=yes
