start=313.708333
volume=92.000000
fullscreen=yes
