start=9722.587875
fullscreen=yes
brightness=-1
contrast=-21
saturation=10
panscan=0.100000
sid=no
sub-scale=0.300000
