start=6693.853833
audio-delay=-0.100000
fullscreen=yes
